raw 3035EBD2F814FCAF6AA55575 3400,0,0,0,0,54920,210264,15112,-7856,2.34,-79.00,866.90,2,1,0 2843201
raw 3035EBD2F814FCAF6AA55575 3400,0,0,0,0,-56512,175352,15336,3160,2.34,-79.00,866.90,2,1,0 2843688
raw 3035EBD2F814FCAF6AA55575 3400,0,0,0,0,-155864,183520,17656,10856,2.34,-79.00,866.90,2,1,0 2856983
raw 3035EBD2F814FCAF6AA55575 3400,0,0,0,0,294672,-5000,-3088,-25624,2.34,-79.00,866.90,2,1,0 2857491
raw 3035EBD2F810C6EF6AA54DA7 3400,0,0,0,0,265928,173792,11072,-27496,2.34,-79.00,866.90,2,1,0 2857986
raw 3035EBD2F814FCAF6AA55575 3400,0,0,0,0,297312,169800,11496,-28128,2.34,-79.00,866.90,2,1,0 2858029
raw 3035EBD2F810C6EF6AA54DA7 3400,0,0,0,0,-378152,-107328,-5448,35640,2.34,-79.00,866.90,2,2,0 2858377
raw 3035EBD2F81435AF6AA581E5 3400,0,0,0,0,-357848,670480,58400,25680,2.34,-79.00,866.90,2,1,0 2858673
raw 3035EBD2F810C6EF6AA54DA7 3400,0,0,0,0,345944,-64416,-10960,-31640,2.34,-79.00,866.90,2,1,0 2858739
raw 3035EBD2F814FCAF6AA55575 3400,0,0,0,0,120056,300496,24544,-14984,2.34,-79.00,866.90,2,1,0 2858787
raw 3035EBD2F81435AF6AA581E5 3400,0,0,0,0,-283744,827144,71696,16648,2.34,-79.00,866.90,2,2,0 2859048
raw 3035EBD2F810C6EF6AA54DA7 3400,0,0,0,0,-338984,-122864,-8448,32888,2.34,-79.00,866.90,2,2,0 2859320
raw 3035EBD2F810C6EF6AA54DA7 3400,0,0,0,0,317144,89560,1504,-29832,2.34,-79.00,866.90,2,1,0 2859676
raw 3035EBD2F814FCAF6AA55575 3400,0,0,0,0,298832,109608,3152,-27032,2.34,-79.00,866.90,2,1,0 2859729
raw 3035EBD2F814FCAF6AA55575 3400,0,0,0,0,327056,-65608,-7752,-29712,2.34,-79.00,866.90,2,1,0 2860246
raw 3035EBD2F814FCAF6AA53BA4 3400,0,0,0,0,170408,-12072,-2824,-15416,2.34,-79.00,866.90,2,1,0 2860291
raw 3035EBD2F814FCAF6AA55575 3400,0,0,0,0,275464,-103072,-11800,-25472,2.34,-79.00,866.90,2,1,0 2860772
